35.2
39.9
45.4
50.4
54.8
58.4
61.3
62.5
63.7
64.9
66.2
67.4
68.7
70
70.8
72.1
73.3
74.6
76.2
77.8
79.6
81.2
82.7
84.3
85.6
86.9
88.1
89.5
90.9
92.3
93.6
94.8
96.1
97.3
98.6
100
101
103
104
105
106
108
109
110
112
113
114
115
116
118
119
120
121
123
124
125
127
128
129
131
132
133
135
136
137
138
139
140
142
143
145
146
147
148
150
151
152
154
155
156
156
158
159
160
162
163
165
166
167
169
170
171
173
174
175
176
178
179
180
182
183
184
185
187
188
189
190
191
193
194
195
197
198
199
200
201
202
203
205
206
207
208
210
211
212
213
215
216
217
218
219
221
222
223
224
225
227
228
229
230
232
233
234
235
237
238
239
240
242
243
244
246
247
248
250
251
253
254
255
257
258
259
261
262
264
265
266
267
269
270
271
273
274
275
277
278
279
281
282
283
284
286
287
288
290
291
292
293
295
296
297
298
300
301
302
304
305
306
307
309
310
311
312
314
315
317
318
319
320
322
323
324
326
327
328
330
331
332
333
335
336
337
338
340
341
342
344
345
346
348
349
350
352
353
355
356
357
359
360
361
362
364
365
366
367
369
370
372
373
374
375
377
378
379
381
382
383
385
386
387
389
390
391
393
394
395
397
398
400
401
402
403
405
406
407
408
410
411
412
413
415
416
417
418
420
421
422
423
425
426
427
429
430
431
432
434
435
436
437
439
440
