2.34
2.4
2.45
2.54
2.58
2.64
2.67
2.72
2.77
2.81
2.88
2.93
2.97
3
3.03
3.06
3.1
3.13
3.17
3.21
3.27
3.33
3.37
3.4
3.44
3.47
3.51
3.55
3.58
3.62
3.66
3.7
3.75
3.8
3.83
3.87
3.91
3.94
3.97
4.01
4.05
4.08
4.12
4.17
4.2
4.24
4.29
4.33
4.37
4.41
4.46
4.5
4.55
4.58
4.62
4.65
4.69
4.72
4.76
4.8
4.84
4.88
4.95
5.02
5.07
5.14
5.18
5.22
5.26
5.3
5.34
5.37
5.41
5.44
5.48
5.51
5.54
5.58
5.61
5.64
5.69
5.73
5.77
5.8
5.83
5.87
5.91
5.95
5.98
6.01
6.05
6.08
6.13
6.16
6.19
6.25
6.29
6.32
6.35
6.38
6.41
6.45
6.49
6.52
6.56
6.59
6.64
6.67
6.71
6.75
6.79
6.85
6.89
6.93
6.96
6.99
7.03
7.06
7.1
7.13
7.17
7.22
7.26
7.3
7.34
7.38
7.42
7.45
7.49
7.52
7.56
7.59
7.62
7.67
7.7
7.73
7.77
7.81
7.85
7.88
7.92
7.96
8
8.03
8.07
8.1
8.13
8.17
8.21
8.26
8.31
8.37
8.42
8.46
8.5
8.54
8.57
8.6
8.64
8.67
8.7
8.73
8.77
8.8
8.85
8.95
9.09
9.14
9.17
9.21
9.25
9.28
9.32
9.35
9.38
9.41
9.44
9.48
9.51
9.54
9.6
9.63
9.66
9.69
9.74
9.78
9.81
9.85
9.89
9.92
9.96
9.98
10
10
10.1
10.1
10.1
10.2
10.2
10.3
10.3
10.3
10.3
10.4
10.4
10.5
10.5
10.6
10.6
10.7
10.7
10.8
10.8
10.8
10.9
10.9
10.9
11
11
11
11.1
11.1
11.1
11.1
11.2
11.2
11.2
11.3
11.3
11.4
11.4
11.4
11.5
11.5
11.5
11.6
11.6
11.6
11.7
11.7
11.8
11.8
11.8
11.8
11.9
11.9
11.9
12
12
12
12.1
12.1
12.1
12.2
12.2
12.2
12.3
12.3
12.3
12.4
12.4
12.4
12.5
12.5
12.5
12.6
12.6
12.6
12.6
12.7
12.7
12.8
12.8
12.8
12.9
12.9
12.9
13
13
13.1
13.1
13.1
13.2
13.2
13.3
13.3
13.3
13.3
13.4
13.4
13.5
13.5
13.6
13.6
13.6
13.6
13.7
13.7
13.7
13.8
13.8
