0.20
0.22
0.27
0.34
0.31
0.34
0.31
0.24
0.26
0.24
0.26
0.37
0.36
0.24
0.27
0.23
0.28
2.40
0.24
0.22
0.24
0.36
2.51
0.24
0.24
0.24
0.28
2.38
0.22
0.27
0.26
0.28
2.41
0.28
0.25
0.22
0.22
2.36
0.23
0.26
0.24
0.26
2.37
0.35
0.24
0.24
0.31
2.39
0.32
0.26
0.25
0.25
2.53
0.23
0.23
0.20
0.26
2.40
0.24
0.23
0.23
0.24
2.48
0.37
0.25
0.35
0.27
2.43
0.27
0.23
0.27
0.25
2.43
0.22
0.24
0.28
0.24
2.41
0.21
0.23
0.27
0.26
2.39
0.25
0.21
0.25
0.28
2.43
0.22
0.26
0.28
0.25
2.47
0.23
0.24
0.32
0.25
2.61
0.22
0.21
0.27
0.27
0.29
0.24
0.24
0.22
0.22
0.26
0.23
0.23
0.24
0.31
0.27
0.26
0.25
0.23
0.26
0.26
0.26
0.24
0.26
0.32
0.28
0.26
0.24
0.28
0.32
0.30
0.25
0.23
0.27
0.29
0.27
0.24
0.29
0.22
0.40
0.27
0.29
0.31
0.21
0.26
0.24
0.25
0.31
0.23
0.29
0.25
0.25
0.36
0.28
0.28
0.27
0.29
0.31
0.23
0.26
0.21
0.30
0.30
0.23
0.27
0.26
0.26
0.31
0.30
0.52
0.32
0.24
0.22
0.28
0.28
0.26
0.25
0.26
0.28
0.26
0.25
0.23
0.25
0.24
0.28
0.24
0.23
0.31
0.25
0.27
0.33
0.27
0.22
0.26
0.25
0.22
0.23
0.23
0.26
0.25
0.23
0.22
0.22
0.21
0.32
0.23
0.27
0.29
0.25
2.11
0.29
0.44
0.31
0.26
2.58
0.27
0.29
0.23
0.24
2.52
0.26
0.27
0.24
0.23
2.53
0.24
0.30
0.22
0.24
2.44
0.24
0.29
0.30
0.23
2.44
0.30
0.28
0.25
0.25
2.47
0.23
0.22
0.23
0.34
2.38
0.20
0.22
0.23
0.23
2.61
0.22
0.24
0.22
0.23
2.42
0.22
0.22
0.25
0.24
2.63
0.23
0.26
0.29
0.25
2.43
0.29
0.23
0.21
0.25
2.51
0.24
0.24
0.34
0.24
2.55
0.28
0.20
0.24
0.25
2.43
0.41
0.27
0.23
0.26
2.50
0.29
0.24
0.26
0.21
2.66
0.30
0.25
0.25
0.27
2.54
0.45
0.23
0.26
0.22
2.44
0.30
0.24
0.29
0.25
