40.4
50.9
54.6
59.2
65.9
73.3
77.8
84.8
88.8
95.2
104
109
117
125
129
133
141
146
150
155
159
164
169
169
169
176
176
176
182
182
187
187
187
194
201
201
207
207
214
214
221
221
227
227
233
233
239
239
246
246
253
253
259
259
264
270
270
276
276
276
276
288
288
288
294
297
303
308
311
316
317
322
328
328
334
334
339
339
347
347
347
358
358
359
368
368
368
377
377
377
386
386
386
386
395
395
403
403
403
410
419
425
429
434
438
439
448
450
454
456
461
464
470
470
476
476
482
490
494
499
511
512
519
520
527
528
536
536
543
544
551
551
552
560
567
576
576
576
576
584
585
594
594
602
602
602
609
609
609
618
620
627
627
637
644
644
645
652
653
660
670
671
671
672
681
685
691
695
698
704
707
710
714
719
724
730
737
741
747
752
756
761
765
771
777
780
785
789
793
798
800
808
812
816
819
825
831
835
841
846
850
853
857
858
860
864
871
873
876
883
886
889
892
896
899
903
905
909
912
912
916
918
922
925
928
933
934
942
942
945
955
957
961
964
964
968
972
975
980
981
982
983
990
992
995
1
1
1.01
1.01
1.01
1.02
1.02
1.03
1.03
1.03
1.04
1.04
1.05
1.05
1.05
1.06
1.06
1.06
1.07
1.07
1.07
1.08
1.08
1.08
1.09
1.09
1.09
1.1
1.11
1.11
1.11
1.12
1.12
1.13
1.13
1.13
1.14
1.14
1.14
1.14
1.15
1.16
1.16
1.16
1.17
1.17
1.17
1.18
1.18
1.18
1.19
1.19
1.19
1.19
1.2
1.2
