82.4
82.5
83.4
83.4
83.5
83.5
84.2
84.4
85.4
85.9
86.1
86.4
86.5
86.5
86.5
86.5
90
91.6
93.4
99.1
101
103
103
103
103
103
103
103
103
103
103
103
107
125
125
127
128
129
129
129
129
129
129
129
129
129
129
129
129
131
131
131
131
131
131
131
131
131
132
132
132
132
132
132
132
132
132
132
132
132
132
132
132
132
133
133
133
133
133
133
133
133
133
135
138
142
142
142
143
143
143
143
143
143
143
143
144
144
144
144
144
144
145
145
145
145
145
145
145
147
147
147
147
147
147
147
147
147
147
147
151
153
153
153
153
156
156
156
157
157
157
157
157
158
158
158
158
159
159
159
159
159
159
159
159
159
159
159
159
159
159
159
159
159
159
159
161
161
161
161
161
161
161
161
161
166
167
167
167
168
168
171
172
172
172
172
172
172
172
172
172
173
173
173
173
173
173
174
174
174
174
174
175
175
175
175
175
175
175
175
175
176
179
183
184
186
186
186
187
187
188
188
188
188
188
188
188
188
189
189
189
189
189
189
189
189
190
190
190
190
190
191
191
191
191
192
192
192
192
192
192
192
192
192
194
200
200
200
200
200
200
200
200
203
208
210
210
210
210
210
212
212
212
212
212
212
212
212
213
213
213
214
216
216
217
217
217
217
217
217
217
217
217
217
217
217
217
217
217
218
222
222
222
222
222
222
222
222
222
222
222
