1.58
1.59
1.61
1.62
1.71
1.79
1.82
1.96
1.97
1.99
2
2.02
2.03
2.05
2.05
2.08
2.09
2.1
2.17
2.21
2.22
2.28
2.3
2.31
2.33
2.34
2.36
2.37
2.39
2.4
2.41
2.43
2.46
2.47
2.48
2.49
2.51
2.53
2.55
2.56
2.57
2.59
2.6
2.62
2.64
2.65
2.66
2.67
2.72
2.79
2.8
2.81
2.83
2.86
2.87
2.97
3.04
3.05
3.07
3.09
3.1
3.11
3.13
3.14
3.15
3.16
3.18
3.19
3.2
3.21
3.22
3.23
3.25
3.26
3.29
3.3
3.31
3.34
3.34
3.35
3.37
3.38
3.39
3.41
3.43
3.44
3.45
3.47
3.48
3.5
3.51
3.52
3.54
3.55
3.57
3.58
3.59
3.6
3.61
3.63
3.64
3.65
3.67
3.68
3.7
3.72
3.73
3.75
3.76
3.78
3.79
3.81
3.82
3.84
3.86
3.87
3.88
3.89
3.9
3.91
3.92
3.94
3.95
3.96
3.97
3.99
4.01
4.02
4.05
4.06
4.08
4.09
4.1
4.12
4.13
4.15
4.16
4.17
4.18
4.19
4.21
4.24
4.27
4.29
4.32
4.34
4.37
4.38
4.4
4.58
4.59
4.76
4.77
4.78
4.8
4.8
4.81
4.83
4.84
4.85
4.86
4.87
4.88
4.89
4.9
4.91
4.93
4.94
4.95
4.96
4.98
4.99
5
5.01
5.02
5.03
5.04
5.05
5.06
5.07
5.08
5.09
5.1
5.12
5.13
5.14
5.15
5.16
5.17
5.19
5.2
5.21
5.23
5.24
5.25
5.28
5.29
5.31
5.32
5.34
5.35
5.36
5.38
5.39
5.4
5.41
5.42
5.43
5.44
5.46
5.47
5.48
5.49
5.5
5.51
5.52
5.53
5.55
5.56
5.57
5.58
5.59
5.61
5.62
5.63
5.64
5.65
5.68
5.77
5.8
5.81
5.83
5.84
5.85
5.87
5.87
5.88
5.9
5.91
5.92
5.92
5.94
5.95
5.97
5.98
5.98
6
6.03
6.09
6.09
6.11
6.12
6.13
6.14
6.15
6.16
6.18
6.19
6.2
6.22
6.23
6.25
6.26
6.27
6.28
6.29
6.3
6.31
6.32
6.33
6.34
6.35
6.36
6.38
6.39
6.4
6.41
6.42
6.43
6.45
6.46
6.48
6.52
6.62
6.76
6.77
6.8
6.81
6.83
6.84
6.87
6.88
6.9
6.91
6.92
6.94
6.95
6.96
6.97
6.98
7
