0.62
3.06
0.77
0.51
0.56
1.04
3.28
0.96
0.88
1.01
0.37
2.60
0.33
0.37
0.42
0.49
2.93
0.73
0.65
0.58
0.64
2.87
0.43
0.48
0.49
0.57
2.74
0.40
0.41
0.76
0.62
2.65
0.37
0.36
0.25
0.43
2.55
0.30
0.32
0.35
0.34
0.35
0.26
0.32
0.29
0.34
0.28
0.72
0.86
0.92
0.98
0.93
0.96
0.30
0.27
0.33
0.30
0.40
0.25
0.27
0.30
0.29
0.26
0.28
0.27
0.34
0.73
0.29
0.33
0.76
0.65
0.44
0.31
0.38
0.70
0.73
0.70
0.64
0.72
0.68
0.74
0.71
0.46
0.43
0.41
0.44
0.39
0.40
0.32
0.34
0.37
0.41
0.79
0.48
0.42
0.37
0.31
0.24
0.18
0.45
0.25
0.23
0.20
0.18
0.21
0.34
0.37
0.33
0.39
0.32
0.34
0.34
0.33
0.43
0.39
0.47
0.40
0.36
0.27
0.30
0.37
0.41
2.49
0.29
0.37
0.32
0.34
2.55
0.26
0.27
0.25
0.33
2.55
0.26
0.34
0.24
0.27
2.41
0.25
0.27
0.36
0.38
2.65
0.33
0.34
0.32
0.34
2.69
0.32
0.39
0.24
0.29
2.45
0.22
0.33
0.30
0.29
2.59
0.30
0.34
0.33
0.27
2.82
0.28
0.34
0.30
0.28
2.54
0.27
0.28
0.23
0.28
2.51
0.30
0.31
0.33
0.33
2.60
0.33
0.36
0.28
0.29
2.56
0.42
0.31
0.71
0.41
2.65
0.41
0.28
0.33
0.34
0.72
0.30
0.31
0.31
0.37
0.32
0.30
0.35
0.34
0.30
0.35
0.36
0.38
0.33
0.28
0.42
0.31
0.30
0.31
0.29
0.35
0.35
0.28
0.27
0.26
0.35
0.29
0.20
0.23
0.21
0.26
0.35
0.35
0.34
0.33
0.34
0.31
0.32
0.27
0.33
0.32
0.30
0.29
0.26
0.26
0.30
0.27
0.28
0.27
0.29
0.34
0.21
0.20
0.18
0.21
0.24
0.22
0.17
0.25
0.22
0.23
0.19
0.22
0.19
0.20
0.20
0.20
0.19
0.19
0.21
0.21
2.44
0.19
0.25
0.20
0.25
2.43
0.21
0.19
0.40
0.36
2.64
0.42
0.41
0.38
0.33
2.67
0.38
0.39
0.35
0.50
2.61
0.45
0.34
0.36
0.30
2.68
0.35
0.35
0.46
0.29
2.64
0.47
0.28
0.39
0.33
2.66
0.37
0.32
