4.17
4.88
5.48
5.92
6.52
7.36
8.21
9.05
9.88
10.5
10.7
10.8
11
11.1
11.3
11.5
11.7
12.2
12.8
13.2
13.7
14.1
14.3
14.6
14.9
15.1
15.3
15.5
15.7
16.2
16.4
16.6
16.8
16.9
17.1
17.2
17.3
17.5
17.6
17.8
17.9
18.1
18.2
18.4
18.5
18.6
18.7
19.3
20.1
20.9
21.8
22.6
23.4
23.5
23.6
23.8
23.9
24.1
24.2
24.3
24.5
24.6
24.7
24.8
25
25.1
25.4
25.5
25.7
26.3
26.6
26.8
26.9
27.1
27.6
28.2
28.7
29.4
29.9
30.5
31
31.5
31.8
32
32.1
32.2
32.4
32.5
32.7
32.8
32.9
33.1
33.6
33.8
34
34.2
34.2
34.3
34.3
34.5
34.5
34.5
34.5
34.6
34.6
34.7
34.9
35
35.1
35.3
35.4
35.5
35.6
35.8
35.9
36.1
36.3
36.4
36.5
36.5
36.6
36.8
36.9
37
37.1
37.2
37.3
37.4
37.5
37.6
37.7
37.8
37.9
38
38.2
38.3
38.4
38.5
38.5
38.6
38.8
38.9
39
39.2
39.3
39.4
39.5
39.6
39.7
39.9
40
40.1
40.2
40.2
40.3
40.5
40.6
40.7
40.8
40.9
41
41.1
41.2
41.3
41.4
41.5
41.6
41.7
41.8
41.9
42
42.1
42.2
42.3
42.4
42.5
42.6
42.8
42.9
43
43.1
43.2
43.3
43.5
43.6
44
44.2
44.3
44.5
44.6
44.7
44.9
45
45.1
45.2
45.3
45.4
45.5
45.6
45.8
45.9
46
46.1
46.2
46.4
46.5
46.6
46.7
46.8
46.9
47
47.1
47.2
47.3
47.3
47.4
47.5
47.7
47.7
47.8
47.8
47.8
47.9
48
48.2
48.3
48.4
48.5
48.6
48.7
48.8
48.9
49
49.1
49.1
49.2
49.3
49.4
49.5
49.6
49.7
49.8
49.9
49.9
50
50
50
50.1
50.1
50.1
50.1
50.2
50.2
50.2
50.2
50.3
50.3
50.3
50.3
50.4
50.4
50.4
50.4
50.5
50.5
50.5
50.5
50.6
50.6
50.6
50.7
50.8
51
51.1
51.3
51.5
51.6
51.8
51.9
52.1
52.2
52.4
52.6
52.7
52.9
53
53.1
53.2
53.3
53.4
53.5
53.7
53.8
53.9
54
54.1
54.3
54.4
54.5
54.6
54.7
